﻿日期,每日新增人数,每日解除隔离人数,现有总人数
8月1日,0,0,0
8月2日,0,0,0
8月3日,0,0,0
8月4日,0,0,0
8月5日,0,0,0
8月6日,2,0,2
8月7日,5,0,7
8月8日,0,0,7
8月9日,13,0,20
8月10日,12,0,32
8月11日,14,0,46
8月12日,18,0,64
8月13日,25,0,89
8月14日,16,0,105
8月15日,32,0,137
8月16日,32,0,169
8月17日,26,6,189
8月18日,23,0,212
8月19日,12,1,223
8月20日,9,6,226
8月21日,7,7,226
8月22日,5,36,195
8月23日,0,9,186
8月24日,0,5,181